29 29 26 28 5 28 27 29 29 29 29 29 29 29 29 29 29 29 29 29 29 29 29 29 29 29 29 29 29 29 29 29 29 29 29 29 29 29 29 29 29 29 29 29 29 29 29 29 29 29 29 29 29 26 28 5 28 27 29 29
29 29 26 28 5 28 27 29 29 29 29 29 29 29 29 29 29 29 29 29 29 29 29 29 29 29 29 29 29 29 29 29 29 29 29 29 29 29 29 29 29 29 29 29 29 29 29 29 29 29 29 29 29 26 28 5 28 27 29 29
29 29 26 28 5 28 28 31 31 31 31 31 31 31 31 31 31 31 31 31 31 31 31 31 31 31 31 31 31 31 31 31 31 31 31 31 31 31 31 31 31 31 31 31 31 31 31 31 31 31 31 31 31 28 28 5 28 27 29 29
29 29 26 28 5 28 28 28 28 28 28 28 28 28 28 28 28 28 28 28 28 28 28 28 28 28 28 28 28 28 28 28 28 28 28 28 28 28 28 28 28 28 28 28 28 28 28 28 28 28 28 28 28 28 28 5 28 27 29 29
29 29 26 28 5 28 28 30 30 30 30 30 30 30 30 30 30 30 30 30 30 30 30 30 30 30 30 30 30 30 30 30 30 30 30 30 30 30 30 30 30 30 30 30 30 30 30 30 30 30 30 30 30 28 28 5 28 27 29 29
29 29 26 28 5 28 28 28 28 28 28 28 28 28 28 28 28 28 28 28 28 28 28 28 28 28 28 28 28 28 28 28 28 28 28 28 28 28 28 28 28 28 28 28 28 28 28 28 28 28 28 28 28 28 28 5 28 27 29 29
29 29 26 28 5 28 28 32 32 32 32 32 32 32 32 32 32 32 32 32 32 32 32 32 32 32 32 32 32 32 32 32 32 32 32 32 32 32 32 32 32 32 32 32 32 32 32 32 32 32 32 32 32 28 28 5 28 27 29 29
29 29 26 28 5 28 27 29 29 29 29 29 29 29 29 29 29 29 29 29 29 29 29 29 29 29 29 29 29 29 29 29 29 29 29 29 29 29 29 29 29 29 29 29 29 29 29 29 29 29 29 29 29 26 28 5 28 27 29 29
29 29 26 28 5 28 27 29 29 29 29 29 29 29 29 29 29 29 29 29 29 29 29 29 29 29 29 29 29 29 29 29 29 29 29 29 29 29 29 29 29 29 29 29 29 29 29 29 29 29 29 29 29 26 28 5 28 27 29 29
29 29 26 28 5 28 27 29 29 29 29 29 29 29 29 29 29 29 29 29 29 29 29 29 29 29 29 29 29 29 29 29 29 29 29 29 29 29 29 29 29 29 29 29 29 29 29 29 29 29 29 29 29 26 28 5 28 27 29 29
29 29 26 28 5 28 27 29 29 29 0 0 0 0 0 0 0 0 1 0 0 0 0 0 0 0 0 0 0 0 1 0 0 0 0 0 0 0 0 0 0 0 0 0 0 0 0 0 0 0 29 29 29 26 28 5 28 27 29 29
29 29 26 28 5 28 27 29 29 29 0 3 0 0 0 0 0 0 0 0 0 0 0 0 0 0 1 0 0 0 0 0 0 0 0 1 0 0 0 0 0 0 0 0 0 0 0 0 0 0 29 29 29 26 28 5 28 27 29 29
29 29 26 28 5 28 27 29 29 29 0 0 0 0 1 0 0 0 0 0 1 0 0 3 0 0 0 0 0 0 0 0 0 0 0 3 0 0 0 0 1 0 3 0 0 0 0 0 1 0 29 29 29 26 28 5 28 27 29 29
29 29 26 28 5 28 27 29 29 29 1 0 0 0 0 0 1 0 0 0 0 0 0 0 0 0 0 3 0 0 0 1 0 0 0 0 0 0 0 0 0 0 0 0 0 0 0 0 0 0 29 29 29 26 28 5 28 27 29 29
29 29 26 28 5 28 27 29 29 29 0 0 0 0 0 3 0 0 0 0 0 3 0 0 0 0 0 0 0 0 0 1 0 1 0 0 0 0 0 0 0 0 0 1 0 3 0 0 0 0 29 29 29 26 28 5 28 27 29 29
29 29 26 28 5 28 27 29 29 29 0 0 3 0 0 1 0 0 7 0 0 0 0 0 0 1 0 0 0 0 0 0 0 0 0 3 0 0 0 1 0 0 0 0 0 0 0 0 0 0 29 29 29 26 28 5 28 27 29 29
29 29 26 28 5 28 27 29 29 29 0 1 0 0 0 0 0 0 0 1 0 0 0 7 0 0 0 0 0 0 0 0 0 0 0 0 0 1 0 0 0 0 0 0 0 0 1 7 0 0 29 29 29 26 28 5 28 27 29 29
29 29 26 28 5 28 27 29 29 29 29 29 29 29 29 29 29 29 29 29 29 29 29 29 29 29 29 29 29 29 29 29 29 29 29 29 29 29 29 29 29 29 29 29 29 29 29 29 29 29 29 29 29 26 28 5 28 27 29 29
29 29 26 28 5 28 27 29 29 29 29 29 29 29 29 29 29 29 29 29 29 29 29 29 29 29 29 29 29 29 29 29 29 29 29 29 29 29 29 29 29 29 29 29 29 29 29 29 29 29 29 29 29 26 28 5 28 27 29 29
29 29 26 28 5 28 27 29 29 29 29 29 29 29 29 29 29 29 29 29 29 29 29 29 29 29 29 29 29 29 29 29 29 29 29 29 29 29 29 29 29 29 29 29 29 29 29 29 29 29 29 29 29 26 28 5 28 27 29 29
29 29 26 28 5 28 28 31 31 31 31 31 31 31 31 31 31 31 31 31 31 31 31 31 1 1 1 1 31 31 31 31 31 31 31 31 31 31 31 31 31 31 31 31 31 31 31 31 31 31 31 31 31 28 28 5 28 27 29 29
29 29 26 28 5 28 28 28 28 28 28 28 28 28 28 28 28 28 28 28 28 28 28 28 1 1 1 1 28 28 28 28 28 28 28 28 28 28 28 28 28 28 28 28 28 28 28 28 28 28 28 28 28 28 28 5 28 27 29 29
29 29 26 28 5 28 28 30 30 30 30 30 30 30 30 30 30 30 30 30 30 30 30 30 30 1 1 30 30 30 30 30 30 30 30 30 30 30 30 30 30 30 30 30 30 30 30 30 30 30 30 30 30 28 28 5 28 27 29 29
29 29 26 28 5 28 28 28 28 28 28 28 28 28 28 28 28 28 28 28 28 28 28 28 28 28 28 28 28 28 28 28 28 28 28 28 28 28 28 28 28 28 28 28 28 28 28 28 28 28 28 28 28 28 28 5 28 27 29 29
29 29 26 28 5 28 28 28 28 28 28 28 1 1 1 1 28 28 28 28 28 28 28 28 28 28 28 28 1 1 1 1 28 28 28 28 28 28 28 28 28 28 28 28 1 1 1 1 28 28 28 28 28 28 28 5 28 27 29 29
29 29 26 28 5 28 28 30 30 30 30 30 1 1 1 1 30 30 30 30 30 30 30 30 30 30 30 30 1 1 1 1 30 30 30 30 30 30 30 30 30 30 30 30 1 1 1 1 30 30 30 30 30 28 28 5 28 27 29 29
29 29 26 28 5 28 28 28 28 28 28 28 28 1 1 28 28 28 28 28 28 28 28 28 28 28 28 28 28 1 1 28 28 28 28 28 28 28 28 28 28 28 28 28 28 1 1 28 28 28 28 28 28 28 28 5 28 27 29 29
29 29 26 28 5 28 28 32 32 32 32 32 32 32 32 32 32 32 32 32 32 32 32 32 32 32 32 32 32 32 32 32 32 32 32 32 32 32 32 32 32 32 32 32 32 32 32 32 32 32 32 32 32 28 28 5 28 27 29 29
29 29 26 28 5 28 27 29 29 29 29 29 29 29 29 29 29 29 29 29 29 29 29 29 29 29 29 29 29 29 29 29 29 29 29 29 29 29 29 29 29 29 29 29 29 29 29 29 29 29 29 29 29 26 28 5 28 27 29 29
29 29 26 28 5 28 27 29 29 29 29 29 29 29 29 29 29 29 29 29 29 29 29 29 29 29 29 29 29 29 29 29 29 29 29 29 29 29 29 29 29 29 29 29 29 29 29 29 29 29 29 29 29 26 28 5 28 27 29 29
29 29 26 28 5 28 27 29 29 29 29 29 29 29 29 29 29 29 29 29 29 29 29 29 29 29 29 29 29 29 29 29 29 29 29 29 29 29 29 29 29 29 29 29 29 29 29 29 29 29 29 29 29 26 28 5 28 27 29 29
29 29 26 28 5 28 27 29 29 29 0 0 0 0 0 0 0 0 0 0 0 0 0 0 0 0 0 0 0 0 0 0 0 0 0 0 0 0 0 0 0 0 0 0 0 0 0 0 0 0 29 29 29 26 28 5 28 27 29 29
29 29 26 28 5 28 27 29 29 29 0 0 0 0 0 0 0 0 0 0 0 0 0 0 0 0 0 0 0 0 0 0 0 0 0 0 0 0 0 0 0 0 0 0 0 0 0 0 0 0 29 29 29 26 28 5 28 27 29 29
29 29 26 28 5 28 27 29 29 29 0 0 0 0 0 0 0 0 0 0 0 0 0 0 0 0 0 0 0 0 0 0 0 0 0 0 0 0 0 0 0 0 0 0 0 0 0 0 0 0 29 29 29 26 28 5 28 27 29 29
29 29 26 28 5 28 27 29 29 29 0 0 0 0 0 0 0 0 0 0 0 0 0 0 0 0 0 0 0 0 0 0 0 0 0 0 0 0 0 0 0 0 0 0 0 0 0 0 0 0 29 29 29 26 28 5 28 27 29 29
29 29 26 28 5 28 27 29 29 29 29 29 29 29 29 29 29 29 29 29 29 29 29 29 29 29 29 29 29 29 29 29 29 29 29 29 29 29 29 29 29 29 29 29 29 29 29 29 29 29 29 29 29 26 28 5 28 27 29 29
29 29 26 28 5 28 27 29 29 29 29 29 29 29 29 29 29 29 29 29 29 29 29 29 29 29 29 29 29 29 29 29 29 29 29 29 29 29 29 29 29 29 29 29 29 29 29 29 29 29 29 29 29 26 28 5 28 27 29 29
29 29 26 28 5 28 27 29 29 29 29 29 29 29 29 29 29 29 29 29 29 29 29 29 29 29 29 29 29 29 29 29 29 29 29 29 29 29 29 29 29 29 29 29 29 29 29 29 29 29 29 29 29 26 28 5 28 27 29 29
29 29 26 28 5 28 28 31 31 31 31 31 31 31 31 31 31 31 31 31 31 31 31 31 31 31 31 31 31 31 31 31 31 31 31 31 31 31 31 31 31 31 31 31 31 31 31 31 31 31 31 31 31 28 28 5 28 27 29 29
29 29 26 28 5 28 28 28 28 28 28 28 28 28 28 28 28 28 28 28 28 28 28 28 28 28 28 28 28 28 28 28 28 28 28 28 28 28 28 28 28 28 28 28 28 28 28 28 28 28 28 28 28 28 28 5 28 27 29 29
29 29 26 28 5 28 28 30 30 30 30 30 30 30 30 30 30 30 30 30 30 30 30 30 30 30 30 30 30 30 30 30 30 30 30 30 30 30 30 30 30 30 30 30 30 30 30 30 30 30 30 30 30 28 28 5 28 27 29 29
29 29 26 28 5 28 28 28 28 28 28 28 28 28 28 28 28 28 28 28 28 28 28 28 28 28 28 28 28 28 28 28 28 28 28 28 28 28 28 28 28 28 28 28 28 28 28 28 28 28 28 28 28 28 28 5 28 27 29 29
29 29 26 28 5 28 28 32 32 32 32 32 32 32 32 32 32 32 32 32 32 32 32 32 32 32 32 32 32 32 32 32 32 32 32 32 32 32 32 32 32 32 32 32 32 32 32 32 32 32 32 32 32 28 28 5 28 27 29 29
29 29 26 28 5 28 27 29 29 29 29 29 29 29 29 29 29 29 29 29 29 29 29 29 29 29 29 29 29 29 29 29 29 29 29 29 29 29 29 29 29 29 29 29 29 29 29 29 29 29 29 29 29 26 28 5 28 27 29 29
29 29 26 28 5 28 27 29 29 29 29 29 29 29 29 29 29 29 29 29 29 29 29 29 29 29 29 29 29 29 29 29 29 29 29 29 29 29 29 29 29 29 29 29 29 29 29 29 29 29 29 29 29 26 28 5 28 27 29 29